<?xml version="1.0"?>
<opencv_storage>
<Threshold>4.4194195419549942e-002</Threshold>
<TpRate>9.9500000476837158e-001</TpRate>
<FpRate>2.1040000021457672e-001</FpRate>
<NumWeaks>1</NumWeaks>
<WeakSequence>
  <weak0>
    <FeatureIdx>163</FeatureIdx>
    <Feature>
      16 8 24 24</Feature>
    <Alpha>1.</Alpha>
    <LogregressionWeight type_id="opencv-matrix">
      <rows>32</rows>
      <cols>1</cols>
      <dt>f</dt>
      <data>
        6.19744492e+000 -1.04484916e+000 1.32754335e+001 1.33681688e+001
        1.41070652e+000 1.65828216e+000 -6.30248165e+000
        -2.24981937e+001 -4.70907354e+000 1.18397903e+000
        3.16617966e-001 -1.22121704e+000 1.74638748e+001 5.23471355e+000
        -4.78040040e-001 5.24543881e-001 4.54059458e+000 3.42788815e+000
        -1.82670765e+001 -1.46154852e+001 -6.54981327e+000
        -6.52888596e-001 2.31089668e+001 1.24556417e+001
        -5.28570271e+000 7.87506723e+000 1.17255878e+001
        -1.14171423e-001 2.16574001e+000 -6.65967882e-001
        -1.68359146e+001 -1.99876175e+001</data></LogregressionWeight></weak0></WeakSequence>
</opencv_storage>
