<?xml version="1.0"?>
<opencv_storage>
<Threshold>1.8211071491241455e+000</Threshold>
<TpRate>9.9500000476837158e-001</TpRate>
<FpRate>8.0799996852874756e-002</FpRate>
<NumWeaks>4</NumWeaks>
<WeakSequence>
  <weak0>
    <FeatureIdx>10</FeatureIdx>
    <Feature>
      8 4 12 12</Feature>
    <Alpha>1.</Alpha>
    <LogregressionWeight type_id="opencv-matrix">
      <rows>32</rows>
      <cols>1</cols>
      <dt>f</dt>
      <data>
        8.89459193e-001 8.85281265e-001 -4.51810789e+000
        -3.34088236e-001 2.30006504e+000 -5.93188190e+000
        6.56381941e+000 3.89124298e+000 2.92933679e+000 -3.42359614e+000
        3.32824326e+000 -1.00923939e+001 6.46518469e-001 2.05362773e+000
        -6.57686901e+000 -3.63233495e+000 1.91262126e+000
        3.43392611e+000 -3.72835827e+000 -5.25119495e+000
        2.73173308e+000 7.82698059e+000 9.85037231e+000 3.93741107e+000
        1.85086012e+000 2.82811213e+000 2.31422973e+000 3.54188204e+000
        -4.58663464e+000 7.30117846e+000 -1.04185810e+001
        -1.35339756e+001</data></LogregressionWeight></weak0>
  <weak1>
    <FeatureIdx>138</FeatureIdx>
    <Feature>
      4 16 20 20</Feature>
    <Alpha>1.</Alpha>
    <LogregressionWeight type_id="opencv-matrix">
      <rows>32</rows>
      <cols>1</cols>
      <dt>f</dt>
      <data>
        -5.86132669e+000 1.38804483e+000 7.27471161e+000
        -3.50619936e+000 2.47442484e-001 8.20357132e+000
        -3.65415764e+000 -9.74680901e+000 -3.25291085e+000
        -4.80382252e+000 -7.92948663e-001 4.55973625e+000
        -5.02277899e+000 -4.18298483e+000 -1.10674632e+000
        4.15397024e+000 8.84415627e+000 -4.40841770e+000 4.92016697e+000
        1.49797350e-001 2.41741681e+000 -1.07222950e+000
        -4.06652451e+000 -1.13218718e+001 4.59703064e+000
        6.96685970e-001 -3.74942136e+000 -8.58571529e+000
        6.70969248e-001 1.08025479e+000 8.36873913e+000 4.34213114e+000</data></LogregressionWeight></weak1>
  <weak2>
    <FeatureIdx>344</FeatureIdx>
    <Feature>
      24 0 16 24</Feature>
    <Alpha>1.</Alpha>
    <LogregressionWeight type_id="opencv-matrix">
      <rows>32</rows>
      <cols>1</cols>
      <dt>f</dt>
      <data>
        -7.08752811e-001 -8.32901597e-001 -7.75452757e+000
        -2.66499686e+000 -9.03331375e+000 -1.26422822e+000
        7.78208590e+000 2.06153941e+000 3.62677002e+000 -5.63360643e+000
        6.24154270e-001 3.40823388e+000 4.11017799e+000 8.24640021e-002
        -8.95139122e+000 -1.67037308e+000 2.78743243e+000
        -4.96620297e-001 3.40732360e+000 -3.74958777e+000
        8.90660667e+000 3.52130556e+000 -1.44620466e+000
        -1.94105458e+000 -9.18917656e+000 1.32267922e-001
        3.38199711e+000 -5.06368816e-001 3.01129889e+000
        -5.57486415e-001 -8.57605934e+000 1.62525928e+000</data></LogregressionWeight></weak2>
  <weak3>
    <FeatureIdx>263</FeatureIdx>
    <Feature>
      20 8 16 32</Feature>
    <Alpha>1.</Alpha>
    <LogregressionWeight type_id="opencv-matrix">
      <rows>32</rows>
      <cols>1</cols>
      <dt>f</dt>
      <data>
        -1.44082499e+000 -3.03851795e+000 -2.48818085e-001
        6.39897919e+000 2.24490643e+000 -3.21764588e-001
        -3.56366324e+000 -7.27927160e+000 -1.55528510e+000
        -3.85222650e+000 -3.73020911e+000 -2.96382070e+000
        -3.60108662e+000 -5.16818333e+000 2.32251334e+000
        6.99646425e+000 6.81021333e-001 5.75452995e+000 -2.20850158e+000
        -7.52606392e+000 4.77199268e+000 7.92839670e+000 8.81634712e+000
        5.89947939e+000 1.73125088e+000 7.87730932e+000 4.89935207e+000
        -6.20675921e-001 -7.33925247e+000 -2.72855425e+000
        -7.05063963e+000 -9.70219994e+000</data></LogregressionWeight></weak3></WeakSequence>
</opencv_storage>
