<?xml version="1.0"?>
<opencv_storage>
<Threshold>3.4854071140289307e+000</Threshold>
<TpRate>9.9500000476837158e-001</TpRate>
<FpRate>3.7650000303983688e-002</FpRate>
<NumWeaks>6</NumWeaks>
<WeakSequence>
  <weak0>
    <FeatureIdx>13</FeatureIdx>
    <Feature>
      20 4 12 12</Feature>
    <Alpha>1.</Alpha>
    <LogregressionWeight type_id="opencv-matrix">
      <rows>32</rows>
      <cols>1</cols>
      <dt>f</dt>
      <data>
        -1.51172483e+000 5.74608278e+000 4.17285776e+000
        -5.57302618e+000 4.96942222e-001 1.41509521e+000
        -2.86389637e+000 -8.56894398e+000 -2.07263327e+000
        4.84757662e+000 1.71567369e+000 -5.44428539e+000 1.65259576e+000
        1.81937575e-001 6.22536182e+000 3.51711965e+000 -9.08305645e-001
        -3.17661953e+000 7.10722506e-001 -4.90882427e-001
        6.68535995e+000 -9.46558666e+000 -6.53975582e+000
        -9.47760677e+000 9.86422420e-001 -2.18016315e+000
        -3.23499274e+000 -2.25186944e+000 5.16722107e+000
        7.01281786e+000 3.31405830e+000 6.23483849e+000</data></LogregressionWeight></weak0>
  <weak1>
    <FeatureIdx>131</FeatureIdx>
    <Feature>
      0 12 20 20</Feature>
    <Alpha>1.</Alpha>
    <LogregressionWeight type_id="opencv-matrix">
      <rows>32</rows>
      <cols>1</cols>
      <dt>f</dt>
      <data>
        5.55182791e+000 4.45971441e+000 2.83466768e+000 -3.41951632e+000
        2.60667944e+000 1.04710913e+000 2.89114857e+000 -6.17197561e+000
        2.07112789e+000 4.15524244e+000 7.49780118e-001 2.95812201e+000
        -4.39793396e+000 6.86619663e+000 -1.45335591e+000
        -3.60734433e-001 4.84595537e+000 -3.74082184e+000
        3.37129807e+000 -6.58479512e-001 -1.08167279e+000
        -4.48675537e+000 -4.91001785e-001 -1.14622183e+001
        -3.02516150e+000 9.31090593e-001 -3.83249164e-001
        -6.40408421e+000 9.97594738e+000 2.87173772e+000 7.11674118e+000
        4.28717947e+000</data></LogregressionWeight></weak1>
  <weak2>
    <FeatureIdx>0</FeatureIdx>
    <Feature>
      0 0 12 12</Feature>
    <Alpha>1.</Alpha>
    <LogregressionWeight type_id="opencv-matrix">
      <rows>32</rows>
      <cols>1</cols>
      <dt>f</dt>
      <data>
        -5.07789217e-002 3.57037759e+000 3.48048687e+000
        -1.76523471e+000 1.70655668e+000 3.97213817e+000
        -4.70532894e+000 -5.07386589e+000 -8.89474154e-001
        7.36893177e+000 -1.21753252e+000 -5.49658823e+000
        7.90594935e-001 -4.47049570e+000 1.57903242e+000 3.74725491e-001
        -4.52554321e+000 -1.78987637e-001 1.71358660e-001
        2.84390998e+000 6.92272842e-001 3.05757308e+000 -2.98644996e+000
        -3.03703356e+000 1.20095575e+000 -4.87789917e+000
        -3.09174895e+000 1.85827672e+000 -3.19190574e+000
        -2.02393055e+000 4.64537716e+000 4.42440271e+000</data></LogregressionWeight></weak2>
  <weak3>
    <FeatureIdx>104</FeatureIdx>
    <Feature>
      20 20 16 16</Feature>
    <Alpha>1.</Alpha>
    <LogregressionWeight type_id="opencv-matrix">
      <rows>32</rows>
      <cols>1</cols>
      <dt>f</dt>
      <data>
        1.00677454e+000 -1.81858623e+000 -3.18820208e-001
        -1.84494841e+000 1.24820459e+000 7.29778707e-002 3.84219146e+000
        3.58596277e+000 2.48501182e+000 -1.24489319e+000
        -1.28276217e+000 -4.41266441e+000 -2.59448457e+000
        -2.65234542e+000 -2.69194531e+000 -3.62274289e+000
        -4.86162156e-001 3.73296165e+000 1.93050623e+000
        -1.89053047e+000 1.71770525e+000 3.32739067e+000 3.08401775e+000
        2.92996240e+000 -9.84078765e-001 3.04361606e+000 3.70719790e+000
        -9.18270350e-001 -3.48001552e+000 1.38880420e+000
        -4.66316366e+000 -4.32617188e+000</data></LogregressionWeight></weak3>
  <weak4>
    <FeatureIdx>18</FeatureIdx>
    <Feature>
      8 8 12 12</Feature>
    <Alpha>1.</Alpha>
    <LogregressionWeight type_id="opencv-matrix">
      <rows>32</rows>
      <cols>1</cols>
      <dt>f</dt>
      <data>
        3.26024890e+000 -2.40615413e-001 -3.86726141e-001
        2.15642953e+000 1.61818290e+000 4.89234000e-001 1.90340769e+000
        -2.81965345e-001 1.83699834e+000 4.36183125e-001 9.46015894e-001
        2.33868241e+000 3.09509724e-001 -2.27380753e-001
        -3.66527557e+000 -8.93900514e-001 -1.68418849e+000
        1.06334984e+000 -1.79675615e+000 -5.77989769e+000
        5.60149848e-002 7.54596138e+000 4.06016636e+000 -2.17697883e+000
        -4.04294825e+000 1.01883698e+000 2.16815329e+000
        -2.59765744e-001 2.11228967e+000 1.30071580e+000
        -4.73793650e+000 -5.30036032e-001</data></LogregressionWeight></weak4>
  <weak5>
    <FeatureIdx>275</FeatureIdx>
    <Feature>
      16 0 24 12</Feature>
    <Alpha>1.</Alpha>
    <LogregressionWeight type_id="opencv-matrix">
      <rows>32</rows>
      <cols>1</cols>
      <dt>f</dt>
      <data>
        3.51431108e+000 -4.69656050e-001 -2.23142767e+000
        -8.17835522e+000 -1.75131369e+000 1.82996082e+000
        4.93614912e+000 6.34180605e-001 -1.14829922e+000
        -3.98458576e+000 1.40712714e+000 5.28265297e-001 2.71733809e+000
        5.42868912e-001 -2.67230415e+000 -2.97009540e+000
        -2.68159485e+000 -2.47258186e+000 5.53470612e-001
        3.46195006e+000 -4.31097221e+000 1.73040926e-001
        -1.07346010e+000 -7.50279069e-001 1.67084098e+000
        1.28736567e+000 -2.58521748e+000 -5.06184883e-002
        3.70552689e-001 2.76537418e-001 1.74366665e+000 1.97739339e+000</data></LogregressionWeight></weak5></WeakSequence>
</opencv_storage>
