<?xml version="1.0"?>
<opencv_storage>
<Threshold>5.3162713050842285e+000</Threshold>
<TpRate>9.9500000476837158e-001</TpRate>
<FpRate>1.6425000131130219e-001</FpRate>
<NumWeaks>10</NumWeaks>
<WeakSequence>
  <weak0>
    <FeatureIdx>214</FeatureIdx>
    <Feature>
      8 4 12 24</Feature>
    <Alpha>1.</Alpha>
    <LogregressionWeight type_id="opencv-matrix">
      <rows>32</rows>
      <cols>1</cols>
      <dt>f</dt>
      <data>
        3.03431273e+000 2.07930803e+000 -1.92621406e-002
        -5.10398769e+000 7.42772460e-001 9.72889543e-001 6.50624084e+000
        3.64122450e-001 5.34284949e-001 1.09494150e+000 3.03125763e+000
        -5.35838544e-001 3.40311909e+000 -2.98123455e+000
        -9.86373901e+000 6.07223928e-001 -2.05475426e+000
        -8.42778385e-001 4.85496187e+000 -1.36707497e+000
        -5.85956049e+000 9.34077024e-001 -3.54667163e+000
        -5.49287558e+000 1.68379641e+000 1.12858009e+000
        -2.44748801e-001 -1.29437566e+000 2.35662007e+000
        3.14876467e-001 2.85605526e+000 -3.54124829e-002</data></LogregressionWeight></weak0>
  <weak1>
    <FeatureIdx>57</FeatureIdx>
    <Feature>
      4 28 12 12</Feature>
    <Alpha>1.</Alpha>
    <LogregressionWeight type_id="opencv-matrix">
      <rows>32</rows>
      <cols>1</cols>
      <dt>f</dt>
      <data>
        1.65166840e-001 -4.11444187e+000 4.15222764e-001 1.42682061e-001
        2.68878555e+000 -5.16232014e-001 -3.71789193e+000
        -7.53079176e-001 -1.03125310e+000 -2.36713886e+000
        -1.95630538e+000 -1.25541973e+000 -3.42476296e+000
        -1.95010197e+000 5.22915459e+000 1.64851868e+000 1.02181327e+000
        -1.11071670e+000 1.30615473e+000 -8.00699890e-001
        1.70711100e+000 -7.68654466e-001 -1.40606153e+000
        -6.40960485e-002 3.84610844e+000 9.27290320e-001 1.17064071e+000
        -2.15816307e+000 5.04777575e+000 -1.87345886e+000
        -3.44962502e+000 -1.68489206e+000</data></LogregressionWeight></weak1>
  <weak2>
    <FeatureIdx>243</FeatureIdx>
    <Feature>
      28 16 12 24</Feature>
    <Alpha>1.</Alpha>
    <LogregressionWeight type_id="opencv-matrix">
      <rows>32</rows>
      <cols>1</cols>
      <dt>f</dt>
      <data>
        1.12827873e+000 1.12258828e+000 4.07928896e+000 -4.03528881e+000
        6.00986624e+000 -6.75826967e-001 2.43619466e+000
        -1.58923596e-001 -2.13516665e+000 1.52736092e+000
        -7.21913695e-001 1.81701910e+000 -4.11948872e+000
        -1.95410028e-001 -1.91247821e+000 -4.00374126e+000
        -2.26441455e+000 1.99939573e+000 2.43546404e-002
        -9.70579505e-001 4.12837029e-001 6.59808338e-001
        -7.16744184e-001 -2.25166649e-001 -3.77970487e-001
        4.49160624e+000 2.44045091e+000 1.62071213e-001 6.15043402e-001
        -1.50922716e+000 -2.42371470e-001 -2.47958374e+000</data></LogregressionWeight></weak2>
  <weak3>
    <FeatureIdx>27</FeatureIdx>
    <Feature>
      12 12 12 12</Feature>
    <Alpha>1.</Alpha>
    <LogregressionWeight type_id="opencv-matrix">
      <rows>32</rows>
      <cols>1</cols>
      <dt>f</dt>
      <data>
        -4.91156757e-001 4.66500187e+000 -1.11537659e+000
        -3.23945308e+000 -1.91103923e+000 2.51672792e+000
        -1.56275541e-001 -2.87182403e+000 9.38166976e-001
        -1.54099202e+000 1.97352636e+000 1.75330997e+000 5.26428795e+000
        1.20160222e+000 -5.27086687e+000 -5.29792070e+000
        -1.77278042e+000 -4.06344938e+000 4.03702068e+000
        3.85557628e+000 -4.04010534e-001 3.32502663e-001
        -1.59212053e+000 -1.89383745e+000 -1.75347519e+000
        7.37770259e-001 8.88666287e-002 -1.74379551e+000 1.88351059e+000
        -6.70927286e-001 3.97389364e+000 6.74514234e-001</data></LogregressionWeight></weak3>
  <weak4>
    <FeatureIdx>22</FeatureIdx>
    <Feature>
      24 8 12 12</Feature>
    <Alpha>1.</Alpha>
    <LogregressionWeight type_id="opencv-matrix">
      <rows>32</rows>
      <cols>1</cols>
      <dt>f</dt>
      <data>
        9.01239276e-001 -1.96272105e-001 2.74555850e+000
        -4.88818765e-001 5.45504272e-001 4.61029196e+000 1.79632699e+000
        -5.43232858e-001 2.49857521e+000 9.65751946e-001 7.51841903e-001
        -5.29748082e-001 -9.35587823e-001 -5.98527789e-001
        2.88146883e-001 6.90560117e-002 3.67059255e+000 -2.69632667e-001
        -3.75984883e+000 -9.70236480e-001 3.76827121e+000
        -1.50847650e+000 -8.23411465e-001 -9.86720085e-001
        -2.47971606e+000 -8.02280903e-001 4.75011468e-001
        -1.82107770e+000 2.90243483e+000 1.89665854e+000
        -1.52733672e+000 -3.87170225e-001</data></LogregressionWeight></weak4>
  <weak5>
    <FeatureIdx>1</FeatureIdx>
    <Feature>
      4 0 12 12</Feature>
    <Alpha>1.</Alpha>
    <LogregressionWeight type_id="opencv-matrix">
      <rows>32</rows>
      <cols>1</cols>
      <dt>f</dt>
      <data>
        8.13799202e-001 2.07229066e+000 5.54708242e-001 -1.13874108e-001
        -2.47512126e+000 3.51017761e+000 -6.73971891e-001
        -1.28146541e+000 2.16434407e+000 5.19063568e+000
        -3.03960419e+000 -3.14818549e+000 3.39578915e+000
        -3.71901083e+000 2.76264191e+000 1.95324051e+000 6.56261146e-001
        -1.51431715e+000 -1.27515817e+000 -3.17004800e+000
        -2.00082946e+000 2.51758242e+000 2.72527170e+000
        -1.07095107e-001 7.99254179e-002 -7.10598052e-001
        9.48597729e-001 1.25951028e+000 4.27905321e-001 -2.03477955e+000
        -1.70814335e+000 -7.80582786e-001</data></LogregressionWeight></weak5>
  <weak6>
    <FeatureIdx>7</FeatureIdx>
    <Feature>
      28 0 12 12</Feature>
    <Alpha>1.</Alpha>
    <LogregressionWeight type_id="opencv-matrix">
      <rows>32</rows>
      <cols>1</cols>
      <dt>f</dt>
      <data>
        2.85566974e+000 -4.30627871e+000 -2.37243056e+000
        -1.74538112e+000 -3.00111771e+000 -4.23413932e-001
        1.51017570e+000 1.12368023e+000 -1.74338117e-001
        -3.22851151e-001 2.20656204e+000 5.42610943e-001 3.49546576e+000
        -2.04940170e-001 -2.46949768e+000 -5.40713978e+000
        -7.65625894e-001 -1.55569124e+000 -1.62614191e+000
        2.80549788e+000 -3.96430224e-001 -6.86395228e-001
        8.72408092e-001 1.33509779e+000 -8.60518754e-001
        -7.42654145e-001 4.48208928e-001 -5.83755434e-001
        1.16104209e+000 1.31865847e+000 -2.52307320e+000 4.58949655e-001</data></LogregressionWeight></weak6>
  <weak7>
    <FeatureIdx>37</FeatureIdx>
    <Feature>
      20 16 12 12</Feature>
    <Alpha>1.</Alpha>
    <LogregressionWeight type_id="opencv-matrix">
      <rows>32</rows>
      <cols>1</cols>
      <dt>f</dt>
      <data>
        -1.01423942e-001 -2.12001872e+000 2.50280380e+000
        1.08909631e+000 -2.51511741e+000 -2.53294408e-001
        1.18543774e-001 -1.43684065e+000 -2.99677402e-001
        1.53624070e+000 -1.40497196e+000 -3.29307377e-001
        2.63161778e+000 -1.95421946e+000 -1.84037673e+000
        5.02715886e-001 7.02441707e-002 1.29258120e+000 -9.90200698e-001
        -3.38449001e+000 -2.72966158e-002 1.69667220e+000
        2.88780093e+000 1.83878469e+000 1.00076294e+000 1.98920548e-001
        1.79105747e+000 1.18270206e+000 -1.12575114e+000
        -7.87481129e-001 -1.93561935e+000 -3.50914145e+000</data></LogregressionWeight></weak7>
  <weak8>
    <FeatureIdx>4</FeatureIdx>
    <Feature>
      16 0 12 12</Feature>
    <Alpha>1.</Alpha>
    <LogregressionWeight type_id="opencv-matrix">
      <rows>32</rows>
      <cols>1</cols>
      <dt>f</dt>
      <data>
        -8.74728441e-001 1.38785374e+000 1.44021535e+000
        -3.23961139e+000 4.98536777e+000 -1.60290015e+000
        -1.44207811e+000 -1.44843951e-001 -6.77780211e-002
        -2.19533145e-001 -1.07531953e+000 -1.07839429e+000
        -2.31139779e+000 8.81517708e-001 3.74018931e+000
        -2.01530695e-001 5.14764339e-002 1.32392681e+000 1.13938141e+000
        6.84758067e-001 2.12116504e+000 5.69587827e-001 -9.68765318e-001
        -2.33312070e-001 -4.14953023e-001 8.67601931e-001
        4.88723636e-001 -1.49484742e+000 9.95025873e-001 4.36383724e-001
