<?xml version="1.0"?>
<opencv_storage>
<Threshold>6.8479865789413452e-001</Threshold>
<TpRate>9.9500000476837158e-001</TpRate>
<FpRate>1.1779999732971191e-001</FpRate>
<NumWeaks>2</NumWeaks>
<WeakSequence>
  <weak0>
    <FeatureIdx>244</FeatureIdx>
    <Feature>
      0 0 16 32</Feature>
    <Alpha>1.</Alpha>
    <LogregressionWeight type_id="opencv-matrix">
      <rows>32</rows>
      <cols>1</cols>
      <dt>f</dt>
      <data>
        -3.37452030e+000 7.37006617e+000 -2.98367953e+000
        5.21806192e+000 6.05494833e+000 7.31657028e+000 6.47710800e+000
        -1.29423199e+001 6.32504654e+000 9.09148276e-001
        -1.69592476e+001 -3.41779280e+000 -1.00525246e+001
        -1.35637569e+001 8.58409405e+000 1.53835468e+001 6.43886328e+000
        -4.40530729e+000 1.02214794e+001 -6.49566352e-001
        5.80497265e+000 5.92101622e+000 -1.38924932e+001
        -1.51009474e+001 -4.25849867e+000 7.61214554e-001
        -4.53738093e-001 -4.96493101e+000 -1.70384014e+000
        -4.18749046e+000 2.68060899e+000 6.29667997e-001</data></LogregressionWeight></weak0>
  <weak1>
    <FeatureIdx>219</FeatureIdx>
    <Feature>
      28 4 12 24</Feature>
    <Alpha>1.</Alpha>
    <LogregressionWeight type_id="opencv-matrix">
      <rows>32</rows>
      <cols>1</cols>
      <dt>f</dt>
      <data>
        5.29414225e+000 3.26122284e+000 -1.24248581e+001
        -2.51955748e+000 -1.06789532e+001 -2.51935792e+000
        1.87442074e+001 1.47469034e+001 2.87193918e+000 8.36339235e-001
        4.79236031e+000 6.36736202e+000 7.70051050e+000 8.50676656e-001
        -1.55415878e+001 -1.37725983e+001 -4.44847918e+000
        -7.54954398e-001 7.52750635e-001 -7.90419340e+000
        5.53486538e+000 -5.69706011e+000 -1.98978674e+000
        5.48185015e+000 -3.38219714e+000 2.00623775e+000 4.72890049e-001
        3.21628499e+000 -1.40047979e+000 4.59852314e+000
        -8.86038303e+000 -1.06832237e+001</data></LogregressionWeight></weak1></WeakSequence>
</opencv_storage>
